0.38427734375
0.38427734375
0.384033203125
0.384033203125
0.3837890625
0.3837890625
0.384033203125
0.384521484375
0.38525390625
0.38623046875
0.386962890625
0.3876953125
0.38818359375
0.388427734375
0.388427734375
0.387939453125
0.387451171875
0.386962890625
0.386474609375
0.385986328125
0.3857421875
0.385498046875
0.3857421875
0.385986328125
0.386474609375
0.386962890625
0.387451171875
0.3876953125
0.3876953125
0.387451171875
0.386962890625
0.386474609375
0.3857421875
0.38525390625
0.38525390625
0.38525390625
0.3857421875
0.38623046875
0.38720703125
0.387939453125
0.388671875
0.38916015625
0.389404296875
0.38916015625
0.388916015625
0.388671875
0.388427734375
0.388427734375
0.388671875
0.38916015625
0.3896484375
0.39013671875
0.390625
0.39111328125
0.391357421875
0.391845703125
0.392578125
0.393310546875
0.394287109375
0.395263671875
0.396240234375
0.396728515625
0.396728515625
0.396484375
0.396240234375
0.395751953125
0.395263671875
0.395263671875
0.395263671875
0.395263671875
0.3955078125
0.3955078125
0.3955078125
0.395751953125
0.39599609375
0.396728515625
0.39794921875
0.3994140625
0.401123046875
0.403076171875
0.40478515625
0.406005859375
0.406982421875
0.4072265625
0.4072265625
0.40673828125
0.406005859375
0.405029296875
0.404052734375
0.403076171875
0.40185546875
0.400390625
0.398681640625
0.396728515625
0.39453125
0.39208984375
0.3896484375
0.38720703125
0.38525390625
0.3837890625
0.3828125
0.382568359375
0.3828125
0.38330078125
0.38427734375
0.385009765625
0.3857421875
0.38623046875
0.38671875
0.38671875
0.386962890625
0.386962890625
0.38720703125
0.387451171875
0.3876953125
0.388427734375
0.388916015625
0.389404296875
0.389404296875
0.389404296875
0.388916015625
0.387939453125
0.38720703125
0.38623046875
0.385498046875
0.385009765625
0.385009765625
0.384765625
0.384521484375
0.383544921875
0.382080078125
0.3798828125
0.376953125
0.373779296875
0.37109375
0.3701171875
0.372314453125
0.379150390625
0.3916015625
0.41064453125
0.435791015625
0.465576171875
0.498046875
0.529541015625
0.556640625
0.575927734375
0.584716796875
0.581787109375
0.56689453125
0.541015625
0.506103515625
0.464599609375
0.419189453125
0.37255859375
0.32763671875
0.28662109375
0.252197265625
0.225830078125
0.20849609375
0.200927734375
0.2021484375
0.210693359375
0.224853515625
0.241455078125
0.2587890625
0.27490234375
0.28857421875
0.2998046875
0.30908203125
0.317626953125
0.325927734375
0.33544921875
0.34619140625
0.358154296875
0.37109375
0.3837890625
0.395263671875
0.405029296875
0.412109375
0.416748046875
0.4189453125
0.4189453125
0.417724609375
0.415771484375
0.41357421875
0.411865234375
0.410888671875
0.410400390625
0.410400390625
0.410888671875
0.41162109375
0.412353515625
0.412841796875
0.4130859375
0.4130859375
0.4130859375
0.4130859375
0.4130859375
0.413330078125
0.41357421875
0.4140625
0.414794921875
0.415283203125
0.41552734375
0.415771484375
0.41552734375
0.415283203125
0.414794921875
0.41455078125
0.4140625
0.413818359375
0.41357421875
0.41357421875
0.413818359375
0.414306640625
0.414794921875
0.415771484375
0.41650390625
0.417236328125
0.41796875
0.41845703125
0.41845703125
0.41845703125
0.41796875
0.41748046875
0.416748046875
0.416015625
0.41552734375
0.415283203125
0.415283203125
0.41552734375
0.416259765625
0.417236328125
0.41845703125
0.419677734375
0.42041015625
0.4208984375
0.421142578125
0.4208984375
0.4208984375
0.420654296875
0.4208984375
0.42138671875
0.422119140625
0.423095703125
0.42431640625
0.42529296875
0.426513671875
0.427490234375
0.428466796875
0.42919921875
0.4296875
0.429931640625
0.429931640625
0.4296875
0.42919921875
0.4287109375
0.428466796875
0.42822265625
0.42822265625
0.4287109375
0.428955078125
0.429443359375
0.429931640625
0.430419921875
0.430419921875
0.430419921875
0.43017578125
0.429931640625
0.4296875
0.429443359375
0.4296875
0.4296875
0.43017578125
0.43017578125
0.43017578125
0.4296875
0.428955078125
0.427490234375
0.42578125
0.423828125
0.422119140625
0.420654296875
0.419677734375
0.418701171875
0.41796875
0.417236328125
0.416015625
0.41455078125
0.412841796875
0.41064453125
0.408447265625
0.406005859375
0.40380859375
0.4013671875
0.39892578125
0.396484375
0.39404296875
0.3916015625
0.38916015625
0.386962890625
0.384765625
0.3828125
0.381103515625
0.379638671875
0.378173828125
0.376953125
0.375732421875
0.374755859375
0.37353515625
0.37255859375
0.37158203125
0.37060546875
0.369873046875
0.369384765625
0.369140625
0.36865234375
0.36865234375
0.368408203125
0.368408203125
0.368408203125
0.3681640625
0.3681640625
0.3681640625
0.368408203125
0.36865234375
0.369140625
0.36962890625
0.370361328125
0.37109375
0.37158203125
0.372314453125
0.37255859375
0.372802734375
0.37255859375
0.372314453125
0.371826171875
0.371337890625
0.370849609375
0.37060546875
0.37060546875
0.370849609375
0.37158203125
0.3720703125
0.373046875
0.373779296875
0.37451171875
0.375
0.375732421875
0.376220703125
0.376953125
0.37744140625
0.377685546875
0.378173828125
0.37841796875
0.378662109375
0.378662109375
0.37890625
0.37890625
0.379150390625
0.379150390625
0.379150390625
0.379150390625
0.37890625
0.37890625
0.37890625
0.379150390625
0.379150390625
0.37939453125
0.37939453125
0.37939453125
0.37939453125
0.37939453125
0.37939453125
0.379638671875
0.3798828125
0.380126953125
0.38037109375
0.380615234375
0.380615234375
0.380615234375
0.38037109375
0.38037109375
0.380615234375
0.380859375
0.381103515625
0.38134765625
0.381591796875
0.381591796875
0.38134765625
0.38134765625
0.381103515625
0.380859375
0.380859375
0.380859375
0.381103515625
0.381591796875
0.382080078125
0.3828125
0.383544921875
0.384033203125
0.384521484375
0.384521484375
0.384521484375
0.38427734375
0.3837890625
0.38330078125
0.383056640625
0.383056640625
0.383056640625
0.38330078125
0.3837890625
0.384033203125
0.38427734375
0.384521484375
0.384521484375
0.38427734375
0.38427734375
0.384033203125
0.384033203125
0.384033203125
0.3837890625
0.3837890625
0.384033203125
0.384033203125
0.384033203125
0.38427734375
0.38427734375
0.384521484375
0.384521484375
0.384521484375
0.384765625
0.384765625
0.385009765625
0.385498046875
0.3857421875
0.385986328125
0.38623046875
0.386474609375
0.386474609375
0.386474609375
0.386474609375
0.386474609375
0.38671875
0.38671875
0.386962890625
0.38720703125
0.387451171875
0.387939453125
0.38818359375
0.388427734375
0.388427734375
0.388427734375
0.38818359375
0.387939453125
0.3876953125
0.387451171875
0.3876953125
0.387939453125
0.388427734375
0.38916015625
0.3896484375
0.39013671875
0.390380859375
0.390380859375
0.390380859375
0.39013671875
0.389892578125
0.389892578125
0.3896484375
0.3896484375
0.389892578125
0.389892578125
0.39013671875
0.390380859375
0.390869140625
0.391357421875
0.39208984375
0.392822265625
0.393798828125
0.394775390625
0.39599609375
0.39697265625
0.397705078125
0.398193359375
0.3984375
0.39794921875
0.397216796875
0.396484375
0.395751953125
0.395263671875
0.395263671875
0.395751953125
0.396484375
0.397216796875
0.398193359375
0.39892578125
0.3994140625
0.39990234375
0.400390625
